Lambda	Core-t/s	Wall-t/s	Acc.(%)
+++++++++++++++++++++++++++++++++++++++++++++++
0	2214.735	1054.011	210.1
1	2107.925	1046.360	201.5
10	4067.407	1459.168	278.7
11	4100.282	1455.861	281.6
12	3525.171	1316.954	267.7
13	3986.470	1437.949	277.2
14	3998.344	1437.901	278.1
15	3987.627	1437.197	277.5
16	1913.350	937.0420	204.2
17	1918.761	937.6330	204.6
18	2007.159	963.3500	208.4
19	3136.134	1066.453	294.1
2	3064.111	1009.760	303.4
20	2233.086	1056.430	211.4
3	4349.527	1507.873	288.5
4	4419.380	1508.797	292.9
5	4400.124	1509.144	291.6
6	4262.769	1507.926	282.7
7	1854.807	940.7970	197.2
8	1875.289	936.0270	200.3
9	2080.299	967.3030	215.1
+++++++++++++++++++++++++++++++++++++++++++++++
sum	65502.76	25493.94

HEN Cluster with 4G Mem and 4 CPUs. Using only one CPU: takes approx. 18 hrs. real time.
