#Frame       SA_00001
       1   13707.0035
       2   13436.5347
       3   13707.4990
       4   13608.1553
       5   13695.0301
       6   13416.9805
       7   13237.8014
       8   13590.9057
       9   13832.2941
      10   13742.9655
      11   13441.4904
      12   13584.6906
      13   13286.0131
      14   13521.0211
      15   13272.6883
      16   13519.3577
      17   13741.1240
      18   13665.4845
      19   13472.8030
      20   13560.7012
      21   13703.1219
      22   13686.5614
      23   13915.6328
      24   13536.0479
      25   13401.9447
      26   13232.0680
      27   12973.5595
      28   13284.5362
      29   13195.9606
      30   13057.8861
      31   13363.3610
      32   13238.4790
      33   13435.8403
      34   13367.7308
      35   13557.7429
      36   13280.0429
      37   13077.9118
      38   13349.2038
      39   13423.3023
      40   13140.8946
      41   13564.9363
      42   13323.9949
      43   13321.7959
      44   13301.8173
      45   13553.6233
      46   13407.4429
      47   13154.0193
      48   13070.7289
      49   13075.3812
      50   12767.6327
      51   13006.3847
      52   13147.5177
      53   13536.1839
      54   13444.0030
      55   13404.8154
      56   13199.8307
      57   13018.6641
      58   13112.3104
      59   12946.2203
      60   13039.4603
      61   13156.3790
      62   13155.6564
      63   13114.5560
      64   13352.5129
      65   13338.3293
      66   13460.8513
      67   13497.4909
      68   13352.1209
      69   13368.6486
      70   13149.1641
      71   13164.8320
      72   13261.2942
      73   12926.9426
      74   13308.8767
      75   13450.3839
      76   13239.2004
      77   13239.8524
      78   13411.1217
      79   13138.5060
      80   13337.3523
      81   13210.7337
      82   13130.3150
      83   13062.5347
      84   13103.0539
      85   13147.0396
      86   13338.6531
      87   13297.4582
      88   12728.2693
      89   13005.5960
      90   13107.2765
      91   12855.7670
      92   13089.1430
      93   13289.4813
      94   13405.8812
      95   13420.5884
      96   13121.6692
      97   13519.3167
      98   13082.5581
      99   13120.2832
     100   13210.5019
     101   13193.7337
