#Frame       SA_00001
       1   13665.4298
       2   13417.2719
       3   13678.7504
       4   13558.4459
       5   13679.9773
       6   13402.5356
       7   13221.2135
       8   13570.4781
       9   13827.8641
      10   13730.7075
      11   13421.8541
      12   13569.6605
      13   13254.5296
      14   13507.2995
      15   13281.8488
      16   13519.6795
      17   13766.4528
      18   13687.9048
      19   13479.8038
      20   13577.6200
      21   13736.7460
      22   13683.6708
      23   13915.8383
      24   13528.7104
      25   13380.2134
      26   13209.0135
      27   12961.1840
      28   13267.9450
      29   13194.3352
      30   13067.2923
      31   13370.8651
      32   13300.8011
      33   13463.0387
      34   13390.9340
      35   13582.9443
      36   13261.1529
      37   13072.6863
      38   13342.0678
      39   13453.3363
      40   13173.6083
      41   13576.4067
      42   13335.8946
      43   13325.7971
      44   13300.6934
      45   13521.4451
      46   13399.8555
      47   13161.4449
      48   13082.4455
      49   13106.7670
      50   12793.2644
      51   13008.2153
      52   13167.1062
      53   13543.6856
      54   13453.0453
      55   13419.7623
      56   13216.9337
      57   13073.7243
      58   13145.8522
      59   12992.1588
      60   13071.2348
      61   13200.5638
      62   13197.8928
      63   13155.6436
      64   13372.8869
      65   13383.0860
      66   13503.3299
      67   13542.5662
      68   13428.6430
      69   13424.1029
      70   13201.4954
      71   13203.8436
      72   13319.3520
      73   12990.2071
      74   13379.4845
      75   13477.5544
      76   13318.5433
      77   13343.3897
      78   13550.4038
      79   13252.3966
      80   13465.9322
      81   13323.6598
      82   13249.4712
      83   13198.4385
      84   13231.3954
      85   13259.6474
      86   13446.5276
      87   13392.8560
      88   12833.3603
      89   13105.8803
      90   13233.2797
      91   12962.0273
      92   13231.4113
      93   13428.7369
      94   13513.3684
      95   13549.2278
      96   13280.1071
      97   13688.0889
      98   13213.3042
      99   13233.2120
     100   13347.0309
     101   13298.7018
