#Frame       SA_00001
       1     411.7332
       2     401.9497
       3     397.5844
       4     408.7480
       5     410.4906
       6     412.2493
       7     413.9726
       8     408.8775
       9     400.0898
      10     406.8805
      11     392.2561
      12     392.8174
      13     390.9765
      14     394.6265
      15     398.6506
      16     396.3346
      17     393.4194
      18     397.8509
      19     397.0643
      20     405.2750
      21     401.3161
      22     397.8160
      23     401.9838
      24     401.3975
      25     392.8670
      26     401.1510
      27     415.2156
      28     410.7772
      29     420.0675
      30     405.3324
      31     414.8942
      32     416.1514
      33     416.1118
      34     420.0406
      35     416.4503
      36     412.9636
      37     412.0097
      38     417.9620
      39     417.5811
      40     420.8237
      41     413.5697
      42     419.0657
      43     409.3686
      44     415.1919
      45     413.5572
      46     421.2089
      47     420.5507
      48     413.2400
      49     412.7882
      50     412.8780
      51     414.0089
      52     405.7162
      53     417.3051
      54     421.4914
      55     407.8530
      56     415.7111
      57     417.5971
      58     417.8132
      59     410.1033
      60     416.3103
      61     413.7116
      62     396.0918
      63     412.9748
      64     417.9137
      65     404.7516
      66     403.0801
      67     415.7344
      68     390.4542
      69     405.3131
      70     398.0216
      71     395.4411
      72     395.7744
      73     402.5673
      74     388.0383
      75     393.4336
      76     392.8516
      77     385.3332
      78     405.1450
      79     389.2558
      80     386.7186
      81     400.9765
      82     386.9954
      83     389.3222
      84     382.6376
      85     396.1587
      86     382.6646
      87     379.2130
      88     390.5875
      89     386.9226
      90     382.4617
      91     402.8902
      92     401.6344
      93     392.3481
      94     387.0556
      95     387.5046
      96     409.9228
      97     408.8736
      98     404.6900
      99     391.0294
     100     404.6966
     101     390.7277
