#Frame       SA_00001
       1   13710.4314
       2   13629.5413
       3   13383.2791
       4   13516.6615
       5   13300.0330
       6   13441.7575
       7   13462.5826
       8   13777.9880
       9   13067.1802
      10   13628.8306
      11   13340.8179
      12   13850.2466
      13   13658.5407
      14   13486.5112
      15   13510.4002
      16   13480.0650
      17   13770.8946
      18   13798.5724
      19   13621.0148
      20   13448.1362
      21   13679.8093
      22   13984.2280
      23   13816.7814
      24   13749.1158
      25   13557.7175
      26   13711.3907
      27   13614.4039
      28   13923.7772
      29   13720.6419
      30   13846.3038
      31   13742.0925
      32   13772.2948
      33   13742.8362
      34   13475.7910
      35   13922.7609
      36   13840.1766
      37   13966.4191
      38   13799.8445
      39   13676.9042
      40   13496.9716
      41   13666.1658
      42   13514.1415
      43   13677.8188
      44   13670.3177
      45   13781.9590
      46   14141.3472
      47   13821.4569
      48   13686.8757
      49   13644.6405
      50   13761.9055
      51   13528.5719
      52   13635.4286
      53   13906.9462
      54   13910.0222
      55   13897.5985
      56   13757.0251
      57   13836.6867
      58   13494.9391
      59   13543.6710
      60   13864.4117
      61   13481.3693
      62   13599.5118
      63   13784.2321
      64   13599.1601
      65   13384.4286
      66   13471.4839
      67   13460.6054
      68   13185.3709
      69   13440.2473
      70   13392.2269
      71   13715.5480
      72   13513.7759
      73   13407.9043
      74   13509.0362
      75   13272.9958
      76   13390.7031
      77   13388.1382
      78   13257.3951
      79   13346.2359
      80   13380.3511
      81   13308.3040
      82   13273.8192
      83   13266.0490
      84   13305.9057
      85   13277.1101
      86   13333.1088
      87   13457.9374
      88   13656.9648
      89   13512.3135
      90   13880.1341
      91   13349.7806
      92   13376.1564
      93   13736.7913
      94   13850.5356
