#Frame       SA_00001
       1     412.1295
       2     415.0086
       3     412.3344
       4     416.1846
       5     413.8816
       6     417.6141
       7     407.8399
       8     416.2283
       9     415.5722
      10     416.0432
      11     414.5959
      12     409.5961
      13     419.8146
      14     411.1814
      15     419.0920
      16     414.4116
      17     404.6738
      18     415.2798
      19     415.9881
      20     415.9415
      21     412.0252
      22     415.8097
      23     409.2985
      24     413.8651
      25     414.0092
      26     409.7950
      27     413.8285
      28     411.0788
      29     410.8138
      30     416.6961
      31     402.8868
      32     416.5932
      33     410.9773
      34     415.2745
      35     410.1622
      36     416.0185
      37     411.0764
      38     413.4459
      39     416.5455
      40     407.6398
      41     413.7521
      42     409.7265
      43     413.4770
      44     408.7833
      45     412.9348
      46     417.7704
      47     413.6344
      48     413.6619
      49     409.1249
      50     410.1844
      51     416.8298
      52     413.9967
      53     409.2166
      54     404.3182
      55     417.0282
      56     413.8047
      57     410.6991
      58     415.3044
      59     418.9040
      60     412.9807
      61     415.5861
      62     417.8782
      63     410.9503
      64     413.0729
      65     410.1387
      66     413.3160
      67     410.2610
      68     412.6637
      69     405.4162
      70     405.7348
      71     414.0340
      72     408.3844
      73     423.0307
      74     416.7743
      75     410.8242
      76     411.8178
      77     415.4462
      78     414.1266
      79     405.9635
      80     411.7604
      81     408.3914
      82     417.6320
      83     416.4691
      84     410.5600
      85     409.0191
      86     409.7076
      87     412.2393
      88     420.1798
      89     411.4027
      90     411.9115
      91     416.2119
      92     412.8316
      93     414.3238
      94     415.5935
