#Frame       SA_00001
       1   13566.1582
       2   13446.4090
       3   13227.1122
       4   13434.0238
       5   13254.3961
       6   13396.6762
       7   13433.3263
       8   13718.4514
       9   12959.0771
      10   13581.5389
      11   13331.2346
      12   13812.8098
      13   13630.2232
      14   13431.9548
      15   13455.9937
      16   13465.7349
      17   13743.5719
      18   13804.8483
      19   13578.8107
      20   13453.3447
      21   13693.6206
      22   14017.6620
      23   13828.7178
      24   13771.3286
      25   13558.3675
      26   13724.2077
      27   13617.9237
      28   13937.9035
      29   13723.1759
      30   13855.9271
      31   13737.6299
      32   13782.7006
      33   13735.6137
      34   13499.4887
      35   13893.1859
      36   13842.0102
      37   14007.0844
      38   13774.8496
      39   13668.1617
      40   13471.5043
      41   13645.4106
      42   13509.0594
      43   13683.8524
      44   13673.5113
      45   13762.9063
      46   14156.3635
      47   13850.3668
      48   13679.2584
      49   13641.9113
      50   13773.3009
      51   13515.2361
      52   13607.0007
      53   13871.9760
      54   13919.4003
      55   13911.8582
      56   13749.2184
      57   13826.2356
      58   13466.0346
      59   13495.7060
      60   13830.5810
      61   13513.1442
      62   13606.1927
      63   13766.5557
      64   13616.3205
      65   13375.2427
      66   13471.1563
      67   13430.1700
      68   13176.2594
      69   13436.4645
      70   13377.0258
      71   13705.9566
      72   13501.7019
      73   13387.5006
      74   13546.8229
      75   13274.6801
      76   13414.7816
      77   13392.7018
      78   13277.7382
      79   13345.2793
      80   13380.4401
      81   13332.2994
      82   13272.8932
      83   13290.1970
      84   13317.6929
      85   13295.9829
      86   13310.9755
      87   13436.4108
      88   13621.8934
      89   13479.5293
      90   13866.3853
      91   13356.5215
      92   13367.4074
      93   13712.8343
      94   13824.4291
